NN-1738.1
2
9
25
15
4
0.10065850921994607 0.12829101461567047 -0.17424731771912233 0.01806151539961648 0.25935393991173933 -0.47280021263565086 0.2851036503910766 0.3474849650889884 -0.06391402561702436
-0.03055913043751854 0.12920588120932933 0.19332129848227783 -0.027381625979541635 0.30101554826878285 -0.9011894612977611 -0.13824380563908173 -0.22359492662964597 0.23853334814819224
0.09008985612512314 -0.15005381615501284 0.47916807004072504 0.26414403012743526 -0.5185367763767675 0.15923569792266756 0.10516381098448714 0.07235694327815839 -0.19441521441608317
-0.06352929813776309 0.20284143307317207 0.3384328542433927 -0.8312087489397874 -0.2900154042836768 0.668522131458674 0.05989977975309972 -0.044267526036361526 0.2883981660297851
-0.07772008603152342 -0.4713264219301569 0.012256074453310645 0.16404379132026092 0.046102080396150824 -0.19033298025128353 -0.11574562269748112 -0.33607230997217036 -0.6387483440141621
-0.45932750442551656 -0.27365088894742046 -0.10156413703998218 -0.27398386613873676 0.004613658735190061 0.0475334354853507 0.35694928127629594 0.4046568731705875 -0.43474653314533623
-0.4499164170243797 -0.027303384866204858 -0.05930199636764177 0.16975862887208987 -0.2335702259360686 -0.04375991391065673 0.0668293947126538 -0.7651725118202408 0.11225378123150835
0.01077854126416778 -0.38693097056216774 -0.5924367479049495 0.04788964418394222 0.023184750575086295 0.16554123844826038 -0.2998172571323979 -0.1488938979654828 -0.01490629260861348
0.2049080263779139 0.11932942282931122 0.17747060495348493 -0.03352852800141399 0.028884245045783852 -0.15393192805750372 -0.1214699739697028 0.4032026647749473 -0.5607515607202392
-0.04962344682189063 -0.47857213341438704 0.15846148582715763 0.16352132074187356 -0.29549157120331304 0.02012799748865226 -0.08744812872617144 -0.47192446068650795 0.7576431900005707
-0.2497109823597174 0.3403674044313532 0.04771616077500105 0.7469009192888598 -0.2622280221593276 0.04882902784129046 0.1476178134147087 0.01410468838361853 -0.06256218364476457
0.0761045348922503 -0.18791178678144238 0.1781123667980504 -0.5876179736201459 -0.0021196858444338107 -0.20045861078054858 -0.09176148494150405 0.2656682047259776 0.05812980763860754
0.2057016493705799 0.12861415392662578 -0.050516771405982513 0.5047891024104397 0.13067259315113217 -0.05289003533234249 -0.021655026388000875 0.1654161023545168 -0.21075237443284991
0.0799045451911842 0.06071448088713668 -0.4589574904897199 0.10972076762402584 -0.2718287851077063 -0.20052441304701435 0.03301730372879659 0.3468944959777198 -0.2925710271109552
0.06892851014452452 0.09020261299177544 -0.27562745201833216 -0.10424796231369021 -0.16541194083563965 -0.1088944610235012 -0.9505437474949916 0.34806018543241324 0.13127288267156417
0.239911518724854 -0.11843627820211465 -0.03521432332617429 0.07271762404598253 -0.054799502328962704 -0.06993885678240849 0.2109674756392378 -0.22220345635654398 0.05302947344591255
0.13665636478774626 -0.12113423577028545 0.13600147877041266 0.40004960119974226 0.24203764561004873 -0.08505589938881938 0.03724695019255653 -0.26552556077040085 0.048649708113599144
-0.07622451722417733 0.5239528301964852 0.06494289418859153 0.983701997641284 0.1153777655013136 -0.23837036623031038 -0.26088339219227746 0.27685700912538974 -0.3647045945311964
-0.014476550058742488 0.042013126228490634 -0.07246158377618488 -0.01435321949872656 -0.059233969999896274 -0.13269021876943837 0.16677251309706623 0.043072466084556824 0.18320882015762724
-0.17511109131290442 0.47536134634143473 0.17548840014680844 -0.26573135275168636 -0.7753836516500977 0.7943059470425644 0.07430933583853125 -0.41950308983157714 -0.1636251626719959
-0.269221486403723 0.010469794285763123 -0.40896307284689926 -0.11512999178286198 -0.05406931940179718 0.24382024376407796 0.07239826134751912 -0.034714031619529545 0.2051440817251897
-0.018300090603906388 -0.2182504552289365 -0.7876576472348131 -0.2927791656077712 0.0856314391202493 0.4889780449931508 -0.5996059868147114 0.6506284453333173 -0.106140568605828
-0.010081495726078082 0.1308662700564952 -0.30760071574713915 -0.15121474296084436 0.06754625430744776 0.31569396222174073 0.07784741413170895 -0.2736348991057115 -0.430998258758311
0.11673382998413995 -0.2951128320373596 0.24989788193499815 0.0925575305467539 -0.12782338240803937 -0.2158586681127916 -0.48625133347441063 0.28433706459684605 -0.007117059934925743
0.16894147588234526 -0.4496041619839575 -0.21375632755079294 -0.013298486980163518 -0.08215286941466733 0.11103780090110685 -0.09836631542203189 -0.08852986977760967 -0.5718901542193525
-0.11410138615800688 -0.6774028422674523 -0.08429468935158975 -0.15268912308147567 -0.07373667898084343 0.14983356865717368 -0.1776993796001598 -0.17524772756563747 -0.12252461231264616 0.17801863458354397 -0.25625099638879845 0.2544466982352225 -0.2532795780024928 0.2891162839000794 0.024105752982233858 -0.4641236713530015 0.0708683646064165 0.0251130141671751 -0.32029623256386736 0.30185285039691423 0.10511058288188808 0.07829175385427625 -0.17501718452222007 0.2506932127804185 0.1872728775432495
0.023158215021614664 0.2519986754766309 -0.16866407642496783 0.08826520051440365 0.6997588371543069 0.250788645712002 0.0488327028046695 -0.19306985458080228 -0.08638246522010302 -0.09247130145875021 0.004099876984711759 -0.09855341807187187 0.11747620261799974 -0.133324341289583 -0.0964625041217462 -0.12937661058859726 -0.09307801150626079 -0.33006941172723847 0.09841958445580018 0.09242222411800168 -0.11811631604835919 -0.1664360520398941 -0.3016907282273787 -0.09150387471539731 0.010889706049467776
0.06502667772129622 0.17248775063764085 -0.058927988948955276 0.0318183442409411 0.27250178543660003 0.005586714523010072 -0.21031473948695628 0.004210771502355774 0.08421201835475506 0.19340252905668343 0.0725323098133601 0.0825780530334233 0.0839712093600018 0.36143299094656967 0.1753579787177011 -0.21174926110166203 -0.29671606111766624 0.0683292181366478 0.048471595691040203 0.18864086145027917 0.071762111313589 0.23131358748012698 0.3808048913897124 -0.12478809130115534 0.09557707740664756
0.016009191287622973 0.2364177596022362 -0.06676771907281508 0.03539502738279672 0.2806337783460271 0.0016048902299074033 -0.03981382013464084 0.01637709830274474 -0.07532040369879285 -0.2788765279237647 0.39445563604212974 -0.008997286256989825 -0.12482814920679441 -0.016939449578543205 0.861437623218257 0.07086399510409341 -0.069228980656076 0.16977679566947337 -0.05778890953680788 0.3558460149038879 0.3815621109329598 -0.6214105688454721 -0.22478201219831592 -0.5657864171953193 -0.6352800129654022
-0.01348360391344712 -0.11064525498429134 0.03435723524703049 -0.39416049458831687 0.19552629071500147 -0.018026041439865116 0.282508664536797 0.7372518031397592 0.03930902475449927 -0.18378601704261005 -0.2668220091570221 -0.1756036889294822 0.15055602075741095 -0.10513045146369104 -0.12444912778476766 -0.3394076920892495 -0.1258062125929801 0.2438664790046781 -0.15865019652592424 -0.17723844722832627 0.11222045192259 -0.06133878389566905 0.1524541502935624 0.37613098607673784 0.2756448502756408
0.47954313761192835 -0.22008726446222532 -0.10468260856492365 -0.21405429670790876 0.1741576875930928 -0.00595624296472423 0.1683884993606732 0.3566706652178424 0.06846748893081317 0.14296016779958184 0.023141006084869964 -0.6556231394810693 0.19029467171576492 0.07662291279808742 0.37725130204362334 0.20711714354783284 -0.33586824482077215 -0.3288414571508873 0.1347569146758545 0.02754829393682845 0.10874204007254845 -0.09245222528991964 0.1167600818621137 -0.12332080674912427 -0.130106111621727
-0.11356833042788614 -0.17741206451395125 0.02407247569791872 -0.13147335650799863 0.18702360316335556 -0.036178132570280075 0.3652860374483643 0.22055853745593057 0.44842211882472827 -0.11420170227785306 0.007891038725617763 0.9365329580907156 -0.016833086089316746 0.09422870666692548 -0.05249839867468517 -0.6736648634853266 0.033906575901299724 0.6656478561298829 0.2701043560503764 0.09108492322401981 -0.4789300763679321 0.11196581549920981 -0.041226914182072784 -0.505075291250426 0.5855060275829733
0.19197281087092719 -0.015538207707951812 -0.29371165680397676 0.08793369715824062 0.11020305917550265 -0.1633392019220173 -0.0247546160708641 -0.10919642441570984 -0.01566587057694426 -0.001285318601020529 -0.47816461035628977 -0.09255137190788956 -0.018541664400919314 -0.0048500617329021644 -0.044915862837965656 0.14366213453383975 0.22076432025628448 0.47266937479432536 0.8673699823412251 0.12371656796686564 -0.01771079903924755 -0.019952552245463023 -0.11602919107219603 0.12983895728869407 0.04147991663461052
0.08812793868466534 -0.11914401331874139 -0.456633506263582 0.012823608242008656 -0.09351733548732433 -0.4180676046040407 0.0356274208225396 0.06938388284933109 0.5999211825478006 0.014685007302748465 0.18117539427067075 0.05154841129665181 -0.08446024847589842 -0.01585471851966966 0.23292457981619785 0.13312526686007556 0.01966343544702631 -0.340309107840363 0.08024081910398427 0.042059757091475185 -0.17684134527597017 0.04333946837390872 0.38713430894940026 -0.14503287651070046 -0.7288298888350168
-0.030302091092568862 -0.6064468420833072 0.009752144650447214 0.05816853039337643 -0.06911794468956349 0.13173965140024574 -0.4726173056629494 0.8650653864955797 -0.6130840932877086 0.15611945621718998 -0.0771054114060809 -0.3268541829662563 -0.08738085296641829 0.12886306132830996 0.4272402933011973 -0.21145809067640042 -0.03935728374616254 -0.35540930528383535 0.006352853438790204 -0.19124078769001956 -0.16849081839411714 -0.17369369912024615 -0.31034489561732276 -0.1417693380483313 -0.18137114454205
-0.0056623706831802345 -0.07400492629373381 -0.3119109591953679 -0.23927185293205386 0.1321723735349909 -0.029472966462433726 0.018734085165060366 -0.45975788770795734 0.240659686281762 -0.12029864118295583 -0.08094622348414027 -0.00885612542839967 0.04104797667354816 0.04721435025654806 0.2591823310358596 0.06432763888121523 -0.5697915402350964 -0.00863450388795621 -0.051842523004902545 0.014212704233065865 0.09536787257246632 -0.03775389183978473 4.174268481722532E-4 0.08423462483368735 0.339999520395405
0.05544213850032609 -0.05178118676915054 0.06009207193118176 -0.2880513606092041 0.05648743202852567 -0.1572880248324306 -0.08360751273316133 0.18006263362494937 -0.7478976678792992 -0.19027647696670807 -0.14694686910736876 0.08649901487682653 0.13573247731904187 0.2174804155606064 -0.16114215083687072 -0.23763307094291408 0.1689349780086471 0.06873850242649182 0.0035765813316224193 -0.28528337726400677 0.4018322147126537 0.45070061317732935 -0.1124978027845174 -0.3002434017044694 0.08710169756124989
0.5564767140227935 0.044425610868610105 0.05823703325102515 0.24901541509784242 0.27734859058055183 0.24540904430888366 0.11301737740803 -0.06125767892348452 -0.08828720694915962 0.15013060732638223 0.069276930925613 -0.20826884194905895 -0.0722565711623665 -0.05254364923138949 -0.34964665609838763 -0.13207370108143923 -0.3524910101953701 0.005170128077008531 0.045069504839919006 -0.005880713688500671 0.17116233886450272 0.066692590049166 0.28442226866971065 -0.2755030899425368 -0.7922065404882741
0.693973415144711 -0.30586368631694294 -0.11581921204424538 -0.13201368593947826 0.4862029259734516 -0.2585532086172081 -0.10834518576921028 0.27536303373269705 -0.30061963989049195 -0.03083808497052655 0.04977300346157268 0.29717100909784533 -0.012293787545383482 -0.17487521821744767 0.13023540984041454 0.36902107001413154 -0.07430891840118403 0.17045349119331443 -0.25291517245614975 -0.08211518046754515 0.7224747293307172 0.278802095752243 -0.08499018728942866 0.08479957812912367 -0.4491307577810853
-0.25441956625903495 -0.30038869099287846 -0.18362151201413868 0.0021931436627035776 0.015338925927795195 0.11816755631854943 -0.42604933217014707 0.10285153181463955 -0.38647113600094696 0.06650649518344658 -0.3981881696956513 0.3251673863243807 -0.020387537553862523 0.5319842478359768 -0.03959272800439939 0.23471965724737026 0.16614894397526384 -0.1215966928451944 -0.6843547390831031 -0.09812729597271186 -0.23392686774268642 0.1274085406356702 0.29619948269742574 0.361463372200234 0.043224636840325105
-0.08342935421604043 -0.41306379825301365 -0.5643194960950678 0.09678180680112494 -0.1260241723504738 -0.09618760159879831 0.019195901337800803 0.2519889664461108 -0.7936468264606358 0.012440460737146636 0.14403816708009717 -0.17877422065783202 -0.22641921391254088 -0.15514641557756675 -0.017365692599869698
-0.2222413299663781 -0.1937075890634478 -0.2592806678224196 0.07851753913297665 0.226552715576617 0.1924973734760801 -0.2021124414107029 -0.012429883180630735 0.0655458733453422 -0.013786586595641498 0.0036572195248091347 0.007715819622650589 0.4350630999098934 0.009228301635850089 0.10111623649018073
0.15779038521754707 0.15694220789862023 0.46547085129687166 0.2392114656177533 0.14476186138247799 -0.30382625802517654 -0.11896733194222092 0.6287373104566832 0.10130007058183425 -0.018153799262966317 0.1596681994804641 -0.14925074998117682 0.2567290589942728 -0.037562770401430565 0.07094299640825774
0.01739435461244334 -0.29821022414890935 0.29415895912666323 0.12224888440897644 -0.003488862545591137 -0.08971492790891683 -0.01195136187336529 0.06802366397788329 -0.27769448308296674 -0.05085485671701381 0.2147340361036504 -0.22264689520006586 -0.5787183109994252 0.25557488621725455 0.17800569505378752
-0.08977919983873762 -0.045403451998731185 -0.024966890216938476 -0.05848928792558469 -0.11587296701352362 0.14179645936909396 -0.13907441821343108 0.26919085189879316 -0.011426536656486734 0.022803482105653205 0.030357847003693098 -0.08914672325211415 -0.10730416285422319 0.25790397297958784 0.1275634228420928 -0.7052696757452961 0.13137580564756327 0.41833343128526773 -0.40104476147581414 -0.20147740689718396 -0.15081617291857546 0.29610309455987066 -0.14403264239101515 -0.1259534670393775 0.20452469857284727
-0.060179976986589195 -0.1344957491751695 -0.15967919200742628 0.04817916384186924 -0.18645952466277982 0.38155557590602107 -0.2417215431943978 0.1276675750552155 -0.14544457204417166 -0.0831176296336665 -0.20451430397083786 0.11461869428959 0.012424252691622395 -0.4034440932323354 -0.050825156782618564
-0.13807380135551034 -1.191234729763669E-4 -0.1317144615805755 0.03737443283274496