NN-4998.9
3
10
30
40
30
4
0.009367728228646177 0.36099288149805175 -0.571379824544186 0.30234056274253174 -0.4554673047686345 0.07860521528920869 0.2018514596595032 -0.2074165732386954 -0.2120445949483042 -0.04943357492310524 
0.35255721689213715 -0.1094381152797756 0.14766940419388358 -0.3597018087001565 -0.2084754068381871 0.3273499393193364 -0.14580021101630197 0.08372177849678575 -0.6193415458009548 0.018687332774951056 
-0.20807817665942077 -0.2636529534470605 0.07407583778019632 0.3031602574748825 -0.26580863624125556 0.04438780278843216 0.06756516963015882 0.09091326965749223 -0.03467994614743915 -0.48593999587836634 
0.3308725983616177 0.2678483206899262 -0.027781731515597347 0.20251316239228323 -0.09438361391402293 0.4368587775073688 0.06412546527456917 0.45210166192427254 0.014561985931427018 0.002462368395143688 
-0.23516381246617074 -0.0600889995745916 0.0867771353936704 0.04878156471085848 0.21494577838503887 0.26553287050462626 -0.3917165478915992 -0.06423338163233508 0.13685790946472365 0.596049749794644 
-0.4820345576765689 -0.0038668763861338714 -0.3874553691852054 -0.15794803787649414 0.26361511303424423 0.05438344129637371 -0.30172950562699785 0.172418001405049 0.19372728160836816 0.20896662747273287 
-0.010657062340019036 0.4759012146515905 0.15240840949399231 6.337564769198778E-5 -0.18966488881590826 0.10227253156611771 -0.13311132553096858 -0.013135052991517404 0.10833822884639915 -0.047014210453880045 
0.21574660555846104 0.07885347763922543 -0.42399851552595486 0.3526050550432878 -0.10780633075020768 0.02696120644252535 -0.46603898535743976 -0.22933538012028834 0.2046555752083793 0.3722830591729456 
0.18602321616635736 0.10009695800746021 -0.02443218516044194 -0.32910550723722976 -0.2571964731413236 -0.33569429018427865 0.19282549131615506 -0.13290839668342685 -0.40978767905807445 0.5409113361525839 
0.3812770192596834 -0.41969201320108185 -0.03619893511408745 -0.15607153923166506 0.39416874687629655 -0.25132126990584425 -0.08298711214097804 0.17248162057780034 0.1545661635367998 0.006395164019579985 
0.2209572954392521 0.398779697515363 0.12570442904696683 -0.46552743640434774 0.6067508959718431 -0.19926080285511294 -0.47078623887651644 -0.026081347271465355 0.28688651171270313 0.40807307933135095 
0.34676150206886386 0.036170130888117685 -0.8442268313173191 -0.023481712687416556 -0.06271514999306586 0.09971199806214508 0.5183890245549196 -0.16248589257723955 0.8919579639967414 0.5012424413176332 
-0.1932624858094646 0.17272830213533752 -0.24553851782840758 -0.0038046081565786156 0.018557110798326285 -0.3732161375119413 0.06276613864825129 0.2239009971081859 0.19783076632596275 0.7173749311491597 
0.11764022347019654 0.3661898277566804 -0.18444319706549378 0.11411668569866962 -0.20208458521267178 -0.27633941748230567 -0.3001153992231008 0.042909046909727855 -0.33898957838776034 0.06441314665559991 
-0.06305220629926211 0.64892730530229 -0.4783029300538324 -0.10406974918580522 -0.8604009815792288 0.715486880666772 -0.09020765553095213 0.038274078136695144 -0.10532788206960933 -0.6516769071895325 
0.056583000626549085 -0.2985854730046106 -0.3342409041811591 -0.36152885832918685 -0.025733444482482076 -0.0957030064026543 -0.48646068939781884 0.0909193454578961 -0.37849198651704213 -0.6374381668398299 
0.35495873754046503 -0.23527695728704362 -0.7111655916654605 -0.13438937432204273 0.2176266459551382 0.37647326961424543 0.3352115667501244 -0.4394167571644376 -0.18760295897103113 0.00584677354224002 
-0.2564164301409345 0.3714130052245394 -0.08150142650950051 -0.09460416794993759 0.1318994887083248 0.11488891563839773 -0.3764534961537101 0.10710017060783944 0.10200420606515864 0.18469324623158992 
0.04812475198625378 0.012275562478319513 0.5944325320568463 -0.5529377425343344 0.34101591923161606 -0.45415270429143706 0.29141522949107657 0.6391939828337915 -0.005069758618474363 0.4670489651841538 
0.09887377162809732 -0.24111036051124968 -0.22842944317753416 0.1091480047875017 -0.1901591792232375 -0.07063166113021319 0.12104722536837759 0.6867326937144178 -0.16512491780131713 -0.20535711114211458 
0.8399194848422702 -0.0669484872835468 -0.20894035428221278 0.11926850131102668 -0.1688119592140873 0.08658237780411786 -0.3287393371002031 -0.11018512070200608 0.9631227021183502 0.07012203385305497 
-0.2230344905444838 -0.9372523578076435 0.2355072868485362 0.19889847416811596 -0.40177045231460373 -0.5378331358007459 -0.059528342616954555 -0.1615902208297386 -0.05582788048576118 0.6347311096323445 
-0.2610264896010401 -0.2715198953020696 0.22760386640072683 -0.1588868986358219 -0.09541899992534313 -0.07674047214086416 -0.16533202699333857 0.9461495665584353 0.15363794014465879 -0.3063726558401989 
0.1172459377370188 -0.07525525139851386 0.23022984666560492 -0.5750628491353147 0.035229315036317654 -0.8661935986045174 0.6788615979179795 -0.045493761095272436 -0.09472885723276359 -0.2220934835869307 
-0.06586349558019966 -0.3031492815229532 -0.19136109280418498 -0.16310191263624438 -0.011941813765458442 -0.3134874054378613 -0.32919078629187337 0.11496934042080886 0.14472215210357053 0.19915407204248103 
0.12128158944834339 0.3093762904215741 0.11048481214049473 -0.10864546521882873 -0.3086763277682084 -0.19957124693763184 0.21288691660295167 -0.15901882730568728 0.10872082131941269 0.49174192242647324 
-0.1929747625038009 -0.6068678764056556 0.45681824102147406 0.1859316458199754 -0.22160333354601103 -0.052972902633881824 0.7997424638594522 0.008879792079761084 0.41337183592358984 -0.3323771837491028 
0.09420792495213753 0.6331082058356766 0.27899897623535275 0.0747361238396737 0.38155089640728745 0.8696748370493704 -0.12442802670877384 -0.44581781747073795 -0.059544049733126325 -0.2445933111539687 
0.056438463416668576 -0.2392655057111935 0.5649103416374809 -0.6431440237466575 0.4106107792355265 0.11981855080452153 -0.3812577271256965 0.5976067631752344 -0.018736893945293064 0.13485072803543968 
-0.7154908213174267 0.12735098053252442 -0.01752206330190266 0.14005341117046094 -0.1689360129492492 0.23939864519451987 -0.03428475714469509 -0.13575564361199313 -0.2933373228920074 0.26945504455924674 
-0.46703978343610175 -0.11913348907897219 -0.06684084035819882 0.4343676177549788 0.17756094585467935 0.017866734742029544 -0.08567672655306413 -0.07302944085358402 0.08354299833427206 0.028704847034102005 -0.09677618510740076 0.5682770336997365 -0.06717004516171599 -0.4817032056297867 -0.2765055435706471 -0.097880884757791 0.01417767224008775 0.19288955921444453 -0.0671694804135034 0.004584297405495388 0.26381350520685654 0.030627997644166974 -0.40787053440814847 0.19362844774758503 0.691556343919337 0.2426748155885054 0.002490657112036443 0.3272595397159407 -0.21279805380521208 0.25396047628031965 
-0.008077242337066012 0.09075818306968395 0.0448186883516203 -0.24640179852121935 -0.03081742401249013 -0.4183627908554013 -0.20783046450146653 0.28769140788510794 -0.6399399426532367 0.08903899528130432 -0.34493902013463196 0.089060730827627 -0.016575002927876677 0.047893599454146354 0.40959464146965935 0.24063468495541318 -0.34862464947231003 0.21103545328548956 0.21535666100821976 0.09947692636181293 0.16049449978528538 0.06754260560571712 -0.30636031318936907 -0.23126851456626754 -0.017029004494974822 0.1284390704436856 -0.37933596354803817 0.33879454364036443 0.03768138738532019 0.5813552909502053 
0.25896045938937406 -0.3988069127737174 0.27391195248164346 -0.13620803589271788 -0.08191027558306252 0.08256371756084009 0.38233886576235004 0.11049930894864199 0.36205163744390884 0.047307418853654304 -0.41490978999983025 -0.2617146907916029 -0.13560107951853562 0.18239424117908165 -0.08750155486677419 -0.18962571069401185 -0.5271748680934428 0.33540381162935085 -0.0943773701726183 0.047535153115395225 -0.22129975069898222 0.09481332203253912 0.09453786270984796 -0.34038490435672136 0.2565389018642058 -0.09151791511769386 -0.2752762426815266 -0.7543371380347832 0.28095024702065163 -0.04933289093243407 
0.34725107246327847 0.2338435630150544 0.2616334265813802 -0.40222096846296085 -0.02534897445886508 -0.2382426293530276 0.044496786129797794 -0.1574358995109067 -0.05751594918119746 0.033490657394731976 0.1276555884985218 -0.16017283207115435 -0.7882642199240892 -0.40313805656422796 -0.6603606625020593 0.22803069107470916 -0.5087781899683953 -0.8187631008822001 -0.11092783231622291 0.15915969554597506 0.09730691738005076 -0.20688584779413147 -0.10570873703156829 0.18444028764158274 -0.16858749953647334 -0.35409266362157016 0.23723701570736042 0.8155609215644861 0.012528342270622904 -0.16478849906600576 
-0.5200538368226797 -0.026620188447649427 -0.2179198056283953 0.39773421176355966 -0.3038144579220446 -0.2377590335545149 -0.35549311498085706 0.16160882353181913 -0.1890967696370335 -0.11860972665101938 -0.18443326471948168 0.02333562163875164 0.42972591364190454 0.02716093375224589 0.37815628046016814 -0.07035636064780446 -0.10278375772887596 -0.17517968555884258 -0.37200038142445463 0.03781579939673063 -0.527082193499007 -0.5120925745487211 0.12364086883929887 -0.03726188408676445 -0.11758305594897432 -0.19222295816657511 -0.28591382538031246 -0.22020550216869791 -0.24752914957055602 0.2728009616054671 
-0.011880216187360515 -0.025869874221557995 0.21865057667080556 0.058049765932151165 -0.17510596636126485 -0.030914413928341433 0.06388292234831616 -0.14293127984705883 0.5266823192186629 -0.22626787919097968 0.11187749914729439 0.16677085305661388 -0.35115206947876754 -0.02866199798623592 -0.6363062307438538 -0.4666842681727225 0.5367473602941808 0.3974571239600882 0.02184748117956341 0.4078679966102714 -0.03242707696177631 -0.05392965849282769 0.4563994765279257 0.3893846151773212 0.5156534167959523 -0.10831526298931146 -0.4916410670106489 -0.124138040635853 0.4195999963816808 0.2545019494989453 
-0.28403483031446 0.0024821220804088773 -0.5085560418857239 0.17522946075408832 0.007753133701684872 0.31962354146323496 0.46882740283798513 -0.412011936910641 0.16161497645419515 -0.17255128150827725 -0.012380042870895072 0.9408262315523741 -0.13408316138287382 0.08462100454836241 0.11793218254123962 -0.12144926394670952 0.37160027157337094 -0.035356494673449514 -0.29779023710714636 0.3069470655618969 0.3737052782937762 0.05160318753063781 0.044195898015849805 0.17410585300777032 0.007075942476224506 -0.013964482145936041 -0.10430784011013278 -0.2901598947536529 -0.2313281243658259 0.09804472770305667 
-0.10746965264968006 0.25419031121485824 0.45126813525577925 -0.2843472274179311 0.5693599704808731 0.23405434429291 0.013970229113085316 -0.06534720582897735 -0.9468259180711227 0.4328503293446736 -0.49646869515009695 -0.57933458753012 -0.7116700983223301 -0.2819818516808822 -0.07608640913308826 -0.5775775631005979 0.21496453798159953 0.1748361835777334 0.3026154537657518 0.27253152303961553 0.27730353668596064 0.19233385265519143 0.38873826316461746 0.1139254975411941 -0.1304972583258261 0.667999368843336 -0.3122692500839838 0.5798750403550396 -0.32969589159603135 0.10493382847295711 
-0.12159971429092367 0.4506316280748977 -0.09432580685589424 -0.4132245949195259 0.4255418448944662 0.07264064657350733 -0.009891020524972111 0.12708145600068033 0.028580139891963348 0.45970306045684894 -0.6538694311210703 0.07606966964813644 -0.5623202443303615 0.41132413833938725 0.021793017382206292 -0.41085494616702545 -0.11256923086932269 -0.03148439076415118 0.14390189244762636 -0.1262126762946653 -0.07449475093106822 -0.24172368559457266 -0.26432399650824556 0.27291430753572854 0.11208525820441205 0.13743783697258105 -0.13446835622871567 0.23628200994878373 -0.30556144767714255 -0.053194219603163784 
0.13896010486639726 -0.18844186502917443 -0.510543118263827 0.4349281364059834 -0.045855378469030525 -0.12227273171182396 0.35526678198831824 0.46416908480982455 -0.09400300443710283 0.32410866725041065 -0.06043235884698671 -0.04987623258854994 -0.25555682388442247 0.5921249464922447 0.3408002834769961 -0.20882375262386677 -0.08452760452319547 0.14990009005958468 -0.13875594925826418 0.38483998630359806 -0.45236048176772264 0.03563351686855201 -0.4083327467065939 -0.4813891291804969 -0.0861065783416523 -0.8012167395409027 -0.23416843137235321 0.4926410404714608 -0.05112186380341866 0.11403778275719118 
-0.3101524390667684 0.267434305499066 0.20897392865001746 -0.14235759971207096 0.027945757295844698 -0.05418294326260197 0.28108010609829737 0.07727071949890607 -0.4877219769952836 0.03886164403695602 0.005278265641969371 0.2868434478601327 -0.05722156912614283 0.42326442488815996 -0.5805794361709558 0.20902200787534891 -0.168588273678216 -0.30275934673717164 -0.8447355346115581 0.17726102722097847 -0.2387621080960513 -0.3264143135104859 -0.20316236687543157 0.7047677024603765 0.3761701260681626 0.011306200696705973 0.2195422453945723 -0.5459520527948247 -0.0957141887631247 0.0024017990393746524 
-0.9838406202275967 -0.14539671877114912 0.06624680279946932 -0.0171911696353802 -0.27747254528214493 0.07389757329071354 0.16170678304479524 0.2793150866069331 -0.03334939930615119 0.19881021215151312 0.06679709689340722 0.193940346097296 0.40290772930592533 -0.3443358949566515 -0.3840662777236986 0.14997804659514427 -0.2246985935418418 -0.27048027226611615 0.1442888400036692 0.0860914824761044 -0.11895008706192622 0.12175595742535135 0.4653165435808744 -0.3009550853428055 0.03051319492922747 -0.7196585783436883 0.7355988533034454 0.11458503652328642 0.43563479687376994 0.11441190420351516 
-0.9579309545162562 0.25674810372523693 -0.02920433391217242 0.4894319427038806 0.21334957380626285 -0.29929064797154387 0.0568010362189502 0.11728049761409899 -0.03535328357950629 0.04189514902213182 -0.07684734082852006 -0.24639821476836732 0.12524406179859557 0.07865811374681576 -0.5223758504319281 -0.01807705887660158 -0.42126173248368415 0.23994623014130192 0.023392390447458965 -0.13495977079263358 -0.06690123467440613 0.6690659856383665 0.3320203287947052 -0.24918782382692004 0.35109183348357076 0.1852382318521873 0.21803315389009018 -0.13749167038379562 0.026470631415448212 0.521121442928889 
-0.381906278924064 -0.9305353465215147 -0.2625148999019151 0.28147918524047644 -0.17179052940687997 -0.5280632615541481 0.3383372150133486 0.19399782168223512 0.1734486254216551 0.06678022527677549 -0.17928331922325086 -0.011701320045607404 0.11701988992236281 0.1529705145885625 0.4464104452909735 0.06651276172026231 -0.24316585250009393 -0.1833772049900967 0.26229781630358645 -0.08294352432018287 0.15720293654840573 -0.4857516582473081 0.0819150865686134 0.09035594775288464 0.40546516950802197 0.23205003074985445 -0.0922489505954547 -0.03375669903573257 -0.012370005893341043 -0.476593966130031 
-0.20239313321759922 -0.14938560836627923 -0.07849809104513267 -0.36141514718016765 0.1378260194976824 -0.12269974266467001 0.10720923365936758 0.08321486410710521 -0.12727337202795672 0.2818696214664691 0.0920152260257785 -0.557829687161267 -0.07983127920066263 -0.5893123843066483 -0.5089169109752282 0.08130202570108117 -0.11829418904007025 0.11730575547226994 -0.05773089653258939 0.014694832812514998 0.055870844539568365 0.6607504174788513 -0.32996534089322765 -0.11156449635134956 0.3405701134720879 0.3098180539197912 -0.19509724242829604 0.46478261826289907 0.1250929408746651 0.06507188463952171 
0.05078796461613737 -0.07191011612795867 0.5515971886391104 0.048033960761929076 -0.4308555061996264 -0.0036922205470810293 0.4042976315331251 -0.0025349498763433294 -0.2504777061978254 -0.061972532275392345 -0.13741804579957528 -0.5914176562859021 0.013377048499956207 -0.2040320487544798 0.3147639154435788 0.1589231570776991 -0.2513368461968029 0.18423977389030127 0.029142010439986835 -0.02227918756376946 0.14790312888370005 -0.6229280533917818 -0.24742304281700606 0.11185006002872697 0.5805912843871849 0.2192788359316854 0.2808307142392354 0.13230438345200923 0.1135455980081615 -0.06705150100143936 
-0.14074141582226024 0.10696001712106584 -0.19964824129183378 0.8756995187220081 -0.06184079787427034 -0.5514289482438479 -0.033082965698945366 0.319780323447283 -0.07113310989924398 0.12169656928679184 0.11169973541637182 -0.12433964819138997 0.35805360039932854 0.31903472722987225 -0.23075297961028252 -0.7888748103442591 -0.251138002884216 0.09164296759098137 -0.11938103182071513 0.38027098203829623 0.17880048060133832 0.08185766163649383 -0.530883887306254 0.0631742694979576 -0.11074944791533722 0.3022638376421959 0.13356989393196422 0.49029884618064357 0.20586907828465306 -0.015111509924149683 
-0.5191307729496137 0.06657614681259752 -0.2981790069624227 -0.01131227089714315 -0.10261170164112049 -0.15016402526130504 -0.20742245174990753 0.31880297995526125 -0.1382559057238718 -0.04023954866218318 0.8678893448548601 0.009180580051597609 -0.43934957552694354 -0.1280333878712649 -0.31328077053779124 0.03168671035058973 -0.014204430669743973 0.5353907391609183 -0.3070696093479031 -0.02093691436358988 0.09731115422341 -0.16446862259300965 0.11290371892753263 -0.3072350877930996 0.44715884530437466 -0.09614363120971156 -0.6107151629920325 0.07606697513998249 0.39916227638759966 0.10402630682369349 
-0.07933419821349433 -0.1453507858659708 0.012026861017100446 -0.05794902315273746 0.06280186340491578 -0.09290561948031498 -0.03759662330505331 -0.2868613208968583 -0.09037251381415362 -0.5996366533638762 -0.08808812096243904 -0.2453304881078851 0.017208459480786142 0.11663629224932916 -0.021972749461046312 0.44458707855063717 -0.620764873521388 0.07722001857510907 -0.34511079938124734 -0.23182286995083604 -0.20691021947193328 -0.2364657533500963 0.19884565058412296 0.2942970537792245 -0.28394441226684775 0.43256511353481586 0.04776585581491766 0.07078519958156972 -0.1894125974737986 -0.1351238650159774 
0.0322912200581777 -0.19873731042181 0.3434846088686674 0.35079386469965984 0.2009962767895568 -0.34713190581042364 0.025988049305544984 0.4538514311712842 0.30796107876321277 0.5250705610601498 -0.1186010722746037 0.18400298590153874 0.07458366859477521 0.07878444219400726 0.18095104474152957 -0.09088781996967235 -0.28755052043970825 0.029761393706361855 0.14137676229793278 -0.34708007668353885 0.26571118516115655 -0.06313146211274244 -0.04170698867014419 0.1483579796781148 -0.19254267127929 0.27394404379239307 0.45537770167759584 0.050718139607291685 0.12433262621415825 -0.024530923938398126 
0.09531241230005111 0.7556658162368997 -0.05277904022806793 0.5075566037510583 -0.019689842795849122 0.30309145291616657 -0.2737762886989155 0.032098455805815246 0.07905112323442767 -0.12519929700804588 0.5259722919452425 0.22831727112123149 -0.044916909722313325 -0.15286349039371205 -0.0632746741296853 -0.2808342069614942 -0.2016220951952815 -0.17847099097648217 0.04216770394937212 0.6687488904020807 -0.619552380465923 0.3658083002496977 0.6500551626411246 0.22011660899567365 0.5873234213802665 -0.06437936571815656 -0.5911751090354207 -0.1314895904093153 -0.11086416357477506 -0.37474164324115555 
0.3562148327054123 0.07684069644194556 -0.8630531529466936 0.26213529181420525 -0.44971573712086993 -0.3653460547859034 0.017496216527053465 0.4296832033635243 -0.2582580828721441 -0.36246281885153164 0.0698754613941679 -0.15861153130108496 -0.23368981471885464 0.4254679145678043 0.07799170566672935 0.49146433781879795 -0.45948237522007135 0.14700345355359257 0.07543821250577476 -0.467008326509561 0.3901536518376109 0.28181552679416677 0.11583637683543023 0.3344731215059285 0.4664059173158599 -0.22970368162156862 0.2513122836662088 0.3495455421325236 -0.4382472881750006 -0.019047777988946524 
-0.14277997294156103 -0.1647972486150463 -0.3619659287087744 0.014858041578902081 -0.27792081261473733 -0.11321300624801718 -0.25140626782287806 -0.35165797877464294 -0.19398915009565862 -0.24473901801767048 -0.04332567110935509 -0.16386766958344454 -0.6625882985473988 -0.32030782197968977 -0.4580878822368755 0.18117769720316867 0.09121145275364456 -0.29848941109382005 0.299204344847671 -0.05579219802124756 -0.48292345563693984 0.539832973333869 0.06397222786098078 -0.349442858324584 0.307324220807008 0.3389486729586446 0.05564882803965155 -0.7453212375306396 0.24282139167313926 -0.0760144486104175 
-0.2748478295991899 0.33819464422220574 0.05136089351840192 -0.19344393574527008 -0.7067421311237303 0.11665222348086761 0.06963346420611771 0.2957338707643343 0.5920833767152741 -0.10808144898423735 0.33868733132538503 0.7682564120849694 0.3950386593119586 -0.06678723049370225 0.1003077528700046 -0.18125948210889173 0.07897396032128728 0.001628736200022074 0.7145594632244552 0.72883826963434 0.3467162323143985 0.24874185673699106 0.07757212322122967 0.08329663712329391 0.12891562507623253 -0.12315429867807247 -0.20411773346854334 0.6506225838506731 -0.06492045180382597 -0.46475833210855827 
0.18841962998064316 0.2628850604648725 -0.17722646904740813 -0.12518752250322795 0.4627835395915891 -0.10531653852566851 0.24204127944446702 0.10605072852540803 0.13626792156110357 0.016433077147233917 -0.6541799955337544 -0.05987683273518625 -0.050931597844987256 -0.06245807083708931 -0.38317538097654524 -0.08041599827316935 -0.6146472903652249 -0.0173612351001447 0.1755418969857795 0.6955815428113175 -0.40293445890032814 -0.18931166772642688 0.09232185272352773 -0.15608064211556316 -0.24183074493792941 -0.3180287239516595 0.02195478670977702 0.10127552152398801 0.09575049626815163 0.21876282025974303 
-0.23421933797561378 -0.2621447192670531 -0.21760668733794034 0.034077967653150076 0.10956909700655836 -0.14426102898819812 -0.03756622054629644 -0.28446474172773556 -0.40186613671255283 0.208599573450708 0.18555793313387314 -0.10558336522799139 -0.059736312252309534 0.006757595953724568 0.6374676395849296 0.0311495589612795 0.2634244938025585 0.08638356715133738 -0.48919367880793596 -0.12425609097361814 -0.2338461072383011 0.319222045698724 -0.14535758219250267 0.19140005506067045 -0.4954067186997226 0.12621869792063511 -0.46650709746330055 0.4697557915849296 0.07182411562431512 -0.13851132146876877 
-0.3598991416005719 -0.4493644451785009 -0.23176290772732405 -0.058768810365894715 0.12675599374064095 -0.061903452793834614 -0.0657646852300218 0.2777174693393124 0.12792515049818579 0.014451722626775909 -0.17872444642054253 0.12627090963917453 0.09849777277815383 0.043775371500856516 0.09862924735276639 -0.24982758125553123 0.2376446677380839 0.031806132053318344 -0.39232733097272426 0.18007734381270696 0.9551851677832681 0.40681127308358783 -0.22738307218983486 0.014550362754291057 -0.2234205111295188 0.2460617496736541 0.003904293480687354 -0.035313133155957244 -0.07548133935981671 -0.2908666859783083 
-0.025725703983797393 0.12753231198870657 0.15972525655595504 0.09550298940732738 0.006471729017167194 -0.19079925180361557 0.4899466627718768 0.06773647317722686 0.16835685467984443 -0.21937553371683466 0.46298413403568667 0.3947905801048326 -0.4919047607978188 0.35469318273029654 -0.0245958048539672 0.22789001172588996 0.41179082810196643 -0.05440327656488303 0.269758861513996 0.24585982814039675 -0.33134194310811677 -0.030973218325248568 -0.15465806676722327 -0.278726437985869 -0.733904741398845 0.11844051941910097 0.06822777715945438 0.18800745224475007 -0.23717319880886512 0.08423587577830909 
0.2992063926596349 0.02119434433998131 0.06389580620350387 0.1748152525602146 0.17169849897781478 -0.11096450172245034 -0.2296947331398616 -0.0971832302532873 -0.07706734794390893 -0.22403027346643212 0.29102898362607466 -0.28753079651491453 0.2570525686429164 -0.17413735868215438 -0.39319162262699037 0.2868004417554305 0.3093419175558987 -0.18538756981993 -0.5125262900220351 0.1313215014591102 -0.16917512406809776 0.23244208422688606 -0.0683700770247477 0.4363545735188191 -0.19432184633905275 -0.12485069012376593 -0.0683179034466765 0.10890856968488864 -0.22626133299514042 0.12050320500540473 
-0.42617028038215643 0.07042961564069367 -0.23889676696365064 -0.053677037392292515 -0.10309903069183439 -0.28137241510895195 -0.1823223985575282 -0.16775355556920246 -0.24286140273604392 0.20916146423717108 0.11118834352554349 0.10698680333723147 0.48861698679302884 -0.01668626020996159 -0.20414761907464152 -0.09432632875355301 -0.18018391573109216 -0.12520447127116907 0.7561832265404167 0.5356024929537155 0.23502495359029082 -0.5881290917498878 -0.2252074824817366 -0.06038070534587303 0.24844605185690982 -0.3851298915525751 -0.7514747379592773 0.06850091535771882 0.17569616442257172 0.04110201830431296 
-0.04683393387732088 0.417555394080486 -0.1435343214394119 -0.256117312937297 -0.11430642542709135 0.40843162414722856 0.16407752727960745 -0.1395738282694724 -0.11224823990295449 -0.32990949058201174 -0.3231430444532178 -0.038530354500807495 0.25629882977895424 -0.6619841866481586 -0.1402474107656857 -0.14339690247615067 -0.08406844969371621 -0.15387775965902228 -0.9503939115690168 -0.8131880748032675 0.27725342310161954 0.23766256349841366 0.015079910482361448 0.34004615539091226 0.03690576925172737 0.4060093393044201 0.1930723614681341 -0.3607266200409464 0.07645577422306182 0.17826810184777617 
0.20672223451247518 0.4188521558517103 0.4292976939758226 0.44888475363399105 0.07280446193536658 -0.21012500826027738 -0.1605149129668051 0.01956356652168445 -0.04870899223085566 -0.31263911124933985 0.268113383399352 0.10181544019576985 0.002914175767661037 0.1421607773614476 0.05993522473121348 0.27711094587102225 0.08392530613946687 0.22340839231291557 -0.0072830107819109036 -0.04800783925030192 -0.2149823846066412 -0.47909775342031935 -0.055464112076465205 -0.0587929693711986 -0.08026782616190753 -0.26756584755606183 0.42734532763700855 -0.2236332472496289 -0.0590209164383393 -0.20855051151025927 
0.4699899137047841 0.2630685573162305 -0.09712153394333009 -0.3327774433714439 0.015270719433515184 -0.37843064784554 -0.35942066695038705 -0.1409816772407338 0.0635353648851616 -0.059488104259219826 0.061532113664036325 0.5440587906441697 -0.16919844960713093 -0.5258958530047432 0.5525873293329653 -0.5165437882718311 0.07194137488794669 -0.12106836370145424 -0.1678036368661608 0.10121263101193911 0.30282159071063275 -0.272059396237339 -0.028134727735665666 0.18339264018858145 0.1386538183139259 -0.06586355689834326 -0.41883947684368084 0.05866052533965254 -0.2643222883829633 -0.25500093452199435 
-0.009240346023208834 0.07786126543944677 0.46240681335247014 -0.24166298534387914 0.10639964637224049 -0.16941504134679755 0.3018156235985763 0.1647387215600744 -0.11866589400016458 -0.03955424594653041 -0.2434870526312166 -0.16165140988577828 0.2699379920809021 0.4844638991585128 -3.597981945373599E-5 -0.37775506094216726 -0.01581914131253645 -0.15212068220199337 -0.17850561154402209 -0.34571517068397145 0.15014229143954586 0.0736570292642974 -0.2823801711873943 -0.10745832597706195 -0.5238560027411162 -0.1881125685308901 0.2088927837301805 -0.07284903338558957 0.2048324542786692 0.16777122976940237 
-0.34143232434376247 0.14032231702528736 -0.014264175865902007 -0.40668171778649764 0.46820487091504853 -0.12371288874689346 0.39435914256861515 0.13512221338455566 -0.9966579440491269 -0.07030657112750088 -0.2766660409804082 0.713728468577197 0.21022580676585217 0.31398718781607504 -0.0669974246727589 0.591629496848229 -0.027897674604671463 -0.08063835896769607 0.6693172892965555 -0.04426346482783339 0.020278812469083918 0.21469474061040594 -0.04131854315475536 0.10497782957072843 0.2594432154735846 0.022688436916830437 0.48559489818468904 0.04835142235358514 -0.14402479214966404 0.49187644377931283 
0.026932115125164358 -0.19888776472603853 0.09167117872284708 -0.033392899742577975 -0.15674137583367692 0.31276478980942823 0.2555516236835571 0.10035664282727468 -0.0025918178461746787 -0.09694055948180907 0.09581054616335144 0.8837996499817042 0.012888075566594187 -0.27983140731358397 -0.1221125016584545 -0.17844062716864434 0.3166307229444727 0.2617918198883469 -0.46630068579656336 -0.2195339804733792 0.3638627555006028 5.543602737088649E-4 0.026758754117769085 -0.43572146861460453 -0.6533608342041929 0.17319539631698536 -0.4829505415089439 0.29613629652499784 0.061094329024693694 -0.293913266523429 
-0.18232905637827085 -0.20171351340494698 -0.3418103713622173 -0.010289656300979125 0.7148824561766796 -0.21413155045778381 0.106532731630457 -0.14517460096091406 -0.2143345845477323 0.27625133036026756 -0.437007218124452 0.043699761920204666 0.34025424112241814 -0.11556609931884762 -0.3271740335059381 0.14512985313437024 -0.5174764281551504 -0.04475437874687033 -0.4007640164441715 -0.3223269976540208 -0.30450812185777787 0.3283937202542382 -0.3302070488381391 0.1963980840569916 0.13201381944387253 0.3189610688805479 -0.5413706962916789 -0.2719201903874181 -0.5275271221181741 0.420657428296849 
-0.4513106233735632 -0.005283575382277639 0.19337052589108789 0.5161610657392038 0.24010202059557373 -0.49667078094498907 -0.23319507140539336 -0.06505502767552264 0.06610266880125912 0.13156009676499494 -0.18153432953259782 -0.14829262256528508 0.3390715364178968 0.577283600870621 0.6706230365927537 0.26103391018013306 0.40444380014341896 -0.20236202380002927 0.9059056990144159 0.2859135232112857 0.16405073477842091 0.18403257024395994 -0.25828691326497355 0.31983830954978376 -0.3819407447813659 -0.19375117473527192 0.3868132112236997 -0.05145774578600826 0.36560066900964583 0.861479987630904 
0.0034441596737297547 0.20974148253845779 0.08738051168803365 -0.28035932356935817 -0.32583364693543654 -0.27907577047062715 0.3923423055669685 0.10148053873523802 -0.10234334940411893 -0.6852826364106405 -0.5186409342909263 0.002941101513216294 -0.17080873025198073 0.17232090546901085 0.349631763666632 -0.1002596084921498 -0.21907941421991417 -0.2486416622388269 0.10062583824572101 0.15798205178640576 -0.1525579533662813 0.3433056087684256 0.4441424326711846 -0.1320998064922112 0.012870011753739224 -0.3403460053816741 -0.16333950629733218 0.29395640394720135 -0.7126789833099516 0.5026333345436176 
0.23021822057423352 0.6191863829221855 -0.6807417117108785 0.08156717228381316 0.11636457704766001 -0.34305485268597047 -0.07681171764769812 0.6012087169436516 -0.19638397190384302 -0.5122902669838488 -0.025180440159610795 -0.30620854545113074 -0.3144701172629547 -0.11312774335480837 0.5337686582100428 -0.4501628876630938 0.14926652572556848 -0.3098090320518199 -0.2133009375506087 -0.07527046707458282 -0.07082849031700555 -0.11679675161012704 0.07816925565025326 0.33154725365288895 -0.16892322192443163 -0.49141306670163154 -0.06732894114501764 0.240580946779735 -0.006369867244416003 -0.09980948423310887 
0.37647808325309506 -0.023433067126510485 0.3035861240021651 -0.0937421136038778 0.13561324579148976 0.7232185142700498 0.5315506309347764 0.24229796134195927 0.26239251699337346 0.30802510448993653 0.6396303591076823 -0.05840216468883336 0.5697204870759218 0.24861149405362734 -0.389256900753146 0.2159547064947263 0.6858425037675675 -0.24438771255668662 -0.11247822208312705 0.06280375181675202 0.07420982348485311 -0.4991490277901881 0.04112904581861676 -0.7196433798786777 -0.05711824111695432 -0.2701020933953044 -0.13665499685411994 0.502030238670729 -0.5421888501601607 0.14465596851560109 -0.5140808092013618 0.3456910193895907 -0.30033499325083235 0.7201099597441888 -0.02720581506260916 -0.11788365479811619 -0.013673232306689098 -0.22961929171125864 0.07801405182288346 0.4542636328483864 
-0.03374694850122041 0.037954095412380456 -0.06344933855853235 -0.09059476176759446 0.020359285062318815 0.22612427925300219 -0.6454675337108401 -0.2682193105214504 -0.24515355325249277 -0.5457914965211478 -8.997153176292516E-4 -0.23073495169008792 -0.08003157824064236 -0.1738938560359789 -0.03053802353417903 -0.28735870725663576 0.28854452469725955 0.12566747098614667 0.34663342602773634 -0.3385547092414327 -0.022552459042761097 0.3703227944468682 0.19497282386637407 0.28453547638115434 0.1264339609308742 0.5213284474514899 0.08754870595772064 -0.22588094653404872 0.2957984449417976 0.2810179169402238 0.1835975912360844 0.020609059122901563 -0.0865612487203626 0.07797906973931092 -0.12434351938748706 -0.04491411784536997 0.2694511869077175 -0.025073334343341414 -0.34233144435198204 0.1795156411630292 
0.22411213140567254 0.061143652269246784 0.1585260789471109 0.6408378612094612 -0.2505985717112842 0.20520245174642932 -0.008939436181124513 0.4376145629501564 0.17750895864412633 0.7949067713022189 0.07977524165293164 0.08133292526426558 0.7002791138223916 0.263097797270112 -0.34926256306083003 0.4832958889234759 0.1820525692887604 -0.2834925612191109 0.06584339018288116 -0.30693671722214355 0.20230328327799224 -0.39164864133323907 0.047339607730816614 0.29448840730934367 -0.12665523870002268 0.6083508212140571 0.1038114598061849 -0.2356049922099895 0.041101762121155905 -0.06996781554987375 0.28884405299922894 0.12397485915996286 -0.3030368239221978 0.1000436479890536 0.20328099862422452 -0.5275022718509996 -0.4474845156231969 -0.12829852979604217 0.18353506359489702 -0.10155817214730917 
0.4390471971753294 -0.06557269764543083 0.07985653591070854 -0.034869544893497945 0.08913170155843986 -0.1299307664109951 -0.16341364807456113 0.07221057180875552 -0.2328171364861622 0.9497715580814893 -0.2297464902654155 0.5517062920204298 -0.043449775657921165 -0.1885166630898956 0.46686490197941505 -0.6023446125532264 0.06491944111104309 0.21750837172324902 -0.47099874128665103 0.04934092241316611 0.20767763851409546 0.1122578138848767 0.634621149164731 0.0014915762021433382 0.07281845208789522 -0.087137822342204 0.33308920020790656 -0.7784976172598024 0.11819797675284899 -0.033060038344933484 0.3468426574950217 -0.16264993989509802 0.17461910780343703 0.32340014874600365 -0.521660819591231 0.24882864790674009 0.06446628179025729 -0.3282419430997861 -0.4054050705328207 0.19205490847233825 
0.11989922287529943 0.26540531856407373 -0.14281913038101435 -0.2633617516619132 -0.135706277834664 -0.007932517666525696 -0.3149016730369707 -0.3814068344830787 -0.2422221106739689 0.007942165178203939 -0.2663839802373679 -0.29036945648199164 0.31399717015203055 0.30212982130119526 0.2287543904603998 0.032583687993641544 -0.40954212760591857 0.081432543363229 -0.5188928830300285 0.013248051467207783 -0.6327445495191807 0.1796017379128773 0.014270657021325517 0.031862979564537264 0.0728751965252212 0.43793322795262396 -0.0655860646701151 -0.32652411793043934 0.13378232169060045 -0.3639123008387858 -0.12807622546714964 0.4949900558583884 -0.21465645265528369 -0.2934671713763 0.09534047707576818 0.12765167386083331 0.181623725818904 0.05697228143942773 -0.3314481058713632 0.1153913378914969 
-0.6049741679362102 0.3756475185004658 0.21820199484280942 0.07576925290880454 0.11988202147055167 0.04730471569902603 0.10744113377121278 -0.13931613847344665 -0.08272611899645121 0.20714658509333608 0.19320231794110865 -0.48985416858420355 -0.24472249987901398 0.22645202012455523 -0.3510859664579193 -0.012969810464453172 0.3592746522412355 -0.2581630211710229 0.5348382634475182 0.3610196096116723 0.039668653133678115 0.12166972926097724 -0.32216681975493355 -0.10501741868861858 -0.544102237639671 0.26718244611019276 -0.05287104128102843 -0.0655241784429685 0.0685276564248946 0.17501195367962646 0.7883939005667551 0.14979686810555942 -0.09420847530170594 -0.35260277559270936 -0.08664569422115531 0.12646312633750487 -0.6828878920947105 -0.07194806898166378 -0.3028188031628824 0.5202439957586403 
-0.20791609888288054 0.7701336400808333 0.06860649728935231 0.2649954913341802 0.44915858548908216 -0.36088449459423255 0.5862232136707711 0.3381907204087322 -0.022903067752952457 0.031983200096459274 0.14155095564223952 0.5908454275655748 0.518172447756513 0.16561543040545218 0.2982165392598928 0.3025508801533584 0.7156622356088614 0.24426466214599504 -0.006955458253571925 -0.3671008596860441 -0.10698859109215883 -0.3364925140112417 0.099582408939913 -0.32089287543272543 0.11498809374951668 0.3942497623333543 0.06509308972206498 0.10066398746292343 -0.25262770999730383 0.21421566476576315 0.32935992488457644 0.017093176127809077 -0.02416201924975625 -0.19710130129402195 0.4317230967849245 0.24591306910596264 0.07203435903137673 -0.0544156840300372 0.32252737617961136 0.08947613949354923 
0.1870067471686481 0.39957720037952543 -0.09848489485930953 -0.5935926187705416 -0.24685698758538488 0.2701421005762954 0.09817988519227239 -0.6634068445286505 0.7357539914455451 0.33185451925372567 -0.43549594955650933 0.4998326847433492 -0.17447574591035644 0.05960985453790821 0.007073657873396144 -0.39474724057781707 0.6925602669172324 0.027269197586672837 -0.14191552819028047 -0.2961151203739168 -0.13190174626342271 0.1215517395567979 -0.29635664672223916 0.24194276058631536 -0.032057860796100186 0.1312056601366763 -0.15353827056030453 -0.08547947024705303 0.34445922722869626 -0.13880694028051857 -0.47578861569320874 -0.32442554854138655 0.24438983766182856 0.30450580449824094 0.4880852415811118 -0.23468262398546103 -0.44430513272882194 -0.023597837673972166 -0.37947553952258295 -0.25222633579132525 
0.14052956745129902 -0.0472100397759708 0.10504254243135352 -0.16182102013588423 0.008905460047697836 0.413701988807305 -0.21152829587585498 0.21578903762697177 -0.14197048415230298 0.03671491388753567 -0.2410996653526621 0.2826098276652234 -0.22470617339252222 0.14042447781572295 -0.34080355846593796 -0.026563739416077328 0.08379294391605763 0.12945227403420856 -0.18109446842194565 0.008740054719179019 -0.009163092121840813 -0.23016419493508333 0.2526436410535455 0.30194406618515607 0.14666598813485796 -0.603938346819541 -0.2046661939425818 -0.5433773710333508 0.007592325387681912 -0.3717363994902137 -0.3085259138119522 0.18594988043211697 0.34013096731694004 -0.41978398936963934 -0.045303071437989374 0.6942740979972222 0.05541245886542201 -0.509236005028703 0.012449937736364936 -0.2632206023280208 
-0.299991164214944 -0.20910526437925436 0.07633941878724859 -0.3790694395030672 0.29671388732987386 0.05429115856177419 -0.15415429710007716 0.057977894592483 0.17359571873007545 -0.2827383545255409 -0.0921818915217581 0.7094249120614841 0.06927032275416625 0.031744944108064554 -0.42452140913131337 0.5175150587853168 -0.07125151070307631 0.292900361230621 0.2525157904126691 0.007876262414634239 0.05386809426441529 0.05596041460686196 -0.015615645774201381 -0.14835482826352517 0.25676138722518527 0.014857387795970525 0.009810168666456787 -0.5624990919221424 0.024778241924083427 -0.8151546478047264 0.011104905260123914 0.05796135806830806 -0.32907375848959297 -0.24949835143825871 -0.1981551202518346 -0.8379765757519031 -0.036465863667082266 0.23779053844825399 0.556439715701196 -0.4395004601062851 
0.13207437126091703 0.24658592720936418 0.510852509680042 -0.10194618298899528 -0.14489134583130298 0.2142368117911317 0.16267117500151979 0.5535615618786556 -0.13697585421815403 -0.2797708896304155 -0.44555551938041893 0.0057277531120608835 -0.00991554798733385 -0.300865628261855 -0.5781011388298449 0.2400042256526006 0.1123969623928402 0.5425583696447709 -0.13178674898418455 0.0077109429991358835 -0.20836349438966634 0.2110224582290304 -0.22760526771521633 -0.07360654998900248 0.4140118173762605 -0.09605285688732157 -0.196824428844481 0.3250816655478996 0.25135763690197876 -0.13705711790899738 -0.19388761513129332 -0.44890426385630666 -0.13334489543952788 0.2890672273089907 -0.45754180527734944 -0.12386713731733318 -0.21400421243229245 -0.3857401608569789 0.3939130578779431 -0.1769315404879992 
0.016299411865598704 -0.6801692636828963 -0.46484185429317737 -0.17949588589081594 0.19021467388923702 0.09612310497926953 -0.11603878956691738 0.7600090223639802 -0.17488653450096384 0.3942818051859436 -0.12495622256658734 0.402737043966598 0.13199382250999625 -0.06688365999497382 0.23230718075368703 0.2145816314466343 -0.1662196566340135 0.25009109424299725 -0.31892490708799215 0.16917769949542805 -0.420796862383812 -0.14426783117720532 -0.28828257136747426 0.09729578362449125 0.23882590975980383 -0.05684047410905613 0.6802135402633874 -0.4487364681099719 -0.2670765729892443 0.3823661073163659 -0.5892832927584073 0.32978030317175744 -0.19573508386096852 -0.12042829522606527 -0.35017957368392527 0.12522458180489582 0.23865809139447774 -0.45493832068724993 -0.039887167049981145 0.14066317132753167 
-0.16470291793017425 -0.19680067365114445 -0.054764099892459034 -0.43707519958353086 -0.09616608835991802 -0.4371645772818712 -0.2864921324737224 -0.13218485893303672 0.8660521126181486 -0.6047869478689595 0.0038456336984364647 0.10207731263848825 -0.17708736773681166 0.5057768089959288 0.47630706204934325 0.25480974029055425 0.00237973897247995 -0.3903085918697985 0.9409884980905079 -0.3309062836532112 -0.08047955335141888 -0.46970054853488086 0.3585042879532834 0.056327184021418585 -0.38603832155686035 -0.3338941007234688 -0.17312426391118685 0.3397754968183655 0.11512334387793993 0.2493240275061416 -0.25000153440705736 0.22023187063370023 0.80339905323213 0.522145917548238 0.0022525739864510093 -0.02298367876939547 0.29485353579871904 -0.10297227034856299 -0.5956978428881787 -0.13679083437950662 
-0.5606055314441086 0.12754106236052004 -0.13746729128040272 0.6068856335428929 -0.11550049686722583 -0.02680372773398558 -0.387108822440618 -0.09648649660754716 -0.4850367878575431 0.019868591444077703 -0.052409053295478486 0.584290918042515 -0.0694198285396504 -0.32131612385077735 0.0689905772526591 0.18499212369537912 0.21562935482682244 -0.032447600778408664 -0.1749500459410222 -0.08353711584271777 0.11077096266031833 -0.09476358107676575 -0.5125049080850378 0.07990907548551013 -0.05773630542775565 -0.012306395243010644 0.4893468353196233 -0.5511926404540112 0.07941869207809565 0.5415595298101965 0.11231316988012635 -0.1376712144639702 0.2167799546079567 0.20603113862259945 0.23863761888515655 0.39659230893665953 0.29453522713867847 -0.20409007630470666 0.4417453926885934 0.11437511684081474 
0.05481254218876053 0.014520277738955256 -0.03610461912434306 -0.3628458376462846 0.31175848674712237 -0.29338013604745866 -0.592677682829376 0.17543059445521209 0.10668304800430342 -0.9161630452433743 0.45117027167982543 0.13849078571095402 -0.07772832404493603 0.4583260419839371 0.7830881614762236 0.381134805876103 0.09038621456277748 -0.2326109287471547 0.3085436593308771 -0.029743348512971803 -0.34808855522149956 0.23326531868949085 0.09945965942791668 -0.24568946827567 0.015523380683155091 -0.07983431054077658 0.013467684962104251 -0.16298413586446886 -0.07188437314877645 -0.17553500104630104 -0.3082721341768907 0.07804042566092328 -0.17623203917411848 -0.1363706429480286 -0.14977214189224664 -0.25837284083937334 -0.06330341373568919 -0.45843762520335046 -0.14339224509811274 -0.04167750532140127 
0.3203934996419368 0.2608816527852805 0.2935694517069478 0.5572166796490398 -0.00553708988214191 -0.23659595142578288 0.06609603814275733 0.25965343297733007 0.03137185646711216 0.08444232392925494 -0.8088384415571406 -0.2625254052542989 -0.05910646648327522 0.33940623474889764 -0.2886728604453841 0.09330595583901802 0.33589342241613024 0.2007192086979356 0.14392999676464463 0.6378777249088606 -0.016119176709257416 0.33871551915983333 -0.19353445744729986 -0.45237858526768315 0.2098503112597387 0.037492142119581406 0.1725437759836953 -0.0833301846040812 -0.22645367858661286 -0.6614501086320944 -0.5798755062226056 -0.08459157669019711 -0.37652449822700995 -0.4790309753099442 0.3733785079424301 -0.47532530971298526 0.02920318740897206 -0.8205069699636243 0.1258489798645142 0.7227671860205971 
-0.46907220828976226 0.013983850492587324 -0.23667291505430765 0.09694883972228469 -0.03809852773484951 -0.09088686623141937 -0.43043449509734955 0.02780178602584693 -0.2526558869671601 -0.2821368645342078 0.026053065616304605 -0.1297587847673927 -0.2877142246051321 0.17643699281528274 0.1408110174082301 0.4518642521173901 -0.6440281567532669 0.1726160030857374 0.21609745545208764 -0.1765979907294259 -0.19429622597176766 -0.2525323438330349 -0.2820442113444779 -0.03782637494715313 0.12449631045883766 -0.5969290336220718 -0.04152410688071624 0.4282662923158468 0.23695341682535984 -0.02861299519435397 0.2188797504988276 0.29002562669759446 0.10208979014262315 0.418989497467852 0.2918407753242128 0.18838746708818296 -0.07275830507949353 -0.41796307728335247 0.1788191684607633 0.09192051374315763 
-0.3316670468111423 0.7039069953358117 -0.0645728085204639 -0.10307149235805096 -0.08880109208279746 0.030192882169658097 0.4016708917983014 0.26641251254223586 -0.5239159413063248 -0.06761669939062431 0.29271951777896055 0.42784745416554254 -0.5937961566289935 -0.2509474040417775 -0.010706139635067408 -0.08974480899309228 0.5524710577831878 -0.1466121192236956 -0.23320270938306212 -0.8661434369463044 -0.22573516320606335 -0.4734788949517446 0.05070706578949981 -0.37310396672111507 0.1497134288788584 -0.17227915161146798 0.08522541830529431 -0.49747407505901564 -0.17071798248369613 0.009426037661958528 0.20181059130307655 -0.05519422543726739 0.09849634234387822 0.05524657294478606 0.05306915925347849 0.18800079484297447 -0.11908941867235118 -0.29625197539693715 -0.2755685334970267 -0.05125180302604149 
0.3037319228768036 0.6762580257299802 0.413873662947892 -0.08987871369730419 0.041205642358688954 -0.7708835083225933 0.5749237541964191 -0.03787031312823208 -0.19553854199795742 -0.035914711836194546 0.0706876170621641 -0.4319845436306258 -0.24646238694391148 -3.599776050377257E-4 0.264856105475305 -0.2740509071908943 0.2027567382433643 -0.19968884628565553 -0.10389800583870276 -0.015479064860224545 0.33035443702393186 0.007872814993564101 -0.025856046109501388 0.08201673051570768 -0.00426499490630608 -0.507197442313609 0.3027450310263655 -0.3503191612078633 -0.1012670013169501 0.05921361363489841 0.8608528696036448 0.03748093661948579 0.14446590716790875 -7.109494747980921E-4 -0.7137060716747701 0.510563905418454 0.8522453910724241 -0.23873688632634277 0.8603006710219354 0.014481600566297576 
0.05815996292855174 -0.07529748246763363 -0.19689412101099862 -0.18649760067988116 -0.1016165281734778 0.16556050201122113 0.02324251991613064 0.2667480391056312 -0.41500564255585326 -0.43483401470879574 0.22145908068064363 -0.408808548817793 0.60578214465462 0.08792012954203995 0.09196454354077699 0.31431176237186115 -0.12481176722562695 -0.039724580883628714 0.5021999150312997 0.13053734101260234 -0.33414621029782654 -0.42128234254232044 -0.3539200596157837 -0.3806424290807199 -0.11400155620682044 -0.2180446987367864 0.14359855434457058 -0.21331440571332438 0.3692117774130717 -0.15264153507838718 0.23402429400584424 -0.35446958379274934 0.029380773268300412 -0.7080034372149244 -0.699704383904119 -0.45578247651027526 -0.09613696376901004 0.5147690863648293 0.0621959986055205 0.12934958785776285 
-0.5718209078159658 0.35040022347268374 0.3837341384432876 -0.32535167926168895 -0.11413567422210881 -0.5118702414311621 0.038546379626011894 -0.45382466339533356 -0.31166686122185516 -0.21099145823421703 -0.36294745213229024 -0.20197493460582022 -0.4398598426613485 0.327754809925585 0.05742587621799135 -0.4983262563217982 0.2265239805702548 0.3085505035420037 -0.26776076531577486 -0.018729459018793304 -0.34736387064940566 0.38150407971005806 0.08769282885385293 -0.19941700776381627 0.3800025012307814 0.008424344008746493 -0.09888594062758982 0.36166984533525876 -0.011793217165842342 0.14394843475851313 -0.2470819966502221 -0.5089107728030945 -0.201496958020294 -0.09094625802035033 0.4346978510869911 -0.11172985428833238 -0.6669363412598691 0.11095246613739376 -0.02044186555501937 0.10672180369050278 
0.2217889168995895 0.06595132376280241 0.20548116369613348 -0.1905904986734674 -0.32286029070975575 -0.31021467984664075 0.6800657448757541 -0.12733338240104655 0.007576894818542479 0.1128966893540381 -0.11733770905647833 -0.25014759746052345 0.2984997854248312 0.1987016218372657 0.23619372110033166 0.3244596068687009 0.044317682581921314 -0.1275892557226427 0.14213299919646938 -0.09755719357452895 -0.5352260596281525 -0.2013707823270966 -0.035403706087059506 0.37531591312367885 0.16928350600678688 -0.04831620467844082 0.3172932596736729 -0.021107438040378373 0.17046930675083738 -0.23806416358291296 -0.19965305880857387 0.140532461644706 -0.2712044979437599 0.04280543273632466 -0.12425424555863172 0.16951995273937726 -0.10041936787476771 0.27600597296532065 0.18342807569032069 -0.06910591457724545 
-0.29755537976805757 -4.363898136322264E-4 0.4221390966716203 -0.5037659119017561 -0.1053131362388157 0.05131926752120064 -0.558752728016178 0.01577027991222335 -0.14573045604087728 -0.3390557007167646 0.7316068503612674 -0.047370332334351395 0.10664909079177709 -0.009558714507086355 0.3868665846429666 -0.20513196708579698 -0.3056352681614535 -0.16097657242521207 -0.00266656255050636 -0.29848553203874323 0.1296118096137852 0.02525851705462968 0.08305230849187778 -0.5407574605359724 -0.29480928174318577 0.1566717638007264 -0.21576432625490205 -0.03621651771312143 -0.23130031633605902 -0.12082383483868514 -0.46985293501903586 0.7786483005429325 -0.18888777902081177 0.18858380513105338 -0.5067863350629667 -0.07683571470898654 -0.7548212895328348 -0.08377102427732849 -0.5570044881909828 -0.05147866015151403 
0.06374177930460065 -0.40157101347912405 0.0204402005532493 -0.23512626454245222 -0.20477153596760111 0.0986048928675885 0.044735560474174374 -0.36613190365720255 -0.19178647483801886 -0.22014873535072427 -0.04059849239110923 0.26979805271298035 -0.2307895144302425 -0.04797053065192968 -0.009030907199940874 -0.13668361944630414 0.03514435264965013 0.38972356557165605 -0.3883829305670577 -0.6161169324079201 -0.18333325454875668 0.7266283847278472 -0.293666683183377 -0.047274444833220124 -0.033419825302709594 -0.06162916261733823 0.01573051292636924 0.2733639998825793 -0.3270946243916349 -0.13772942769693866 0.17270278711149087 0.15532178651247985 -0.1663429282047567 0.40249667220351487 0.26352177105978347 0.13138087161455922 0.3362340444569376 -0.5224443775271138 -0.12816428756005221 -0.0667477234715062 
0.15893091921406138 -0.2645501830025358 0.2931002559141166 0.054942075095609055 0.35055680239424236 0.6136498176365259 -0.14277096743943613 -0.16288389492384228 0.1920081619166566 -0.4907220281600084 0.099513822246313 -0.44841817822725244 -0.03161216574963891 -0.07018507735029775 -0.1264465306772543 0.48739010119365267 0.34380027607623787 -0.6406788821789666 -0.19383752994313108 0.37227957883127494 -0.22664308614493117 0.1102188198906426 -0.06675784830494022 0.14091657395120194 0.06843449126633483 0.17872391373326413 0.30697210007525383 -0.11513510700077531 0.02367629424205564 -0.19240621871425512 -0.2604371963278822 0.19730388818453443 -0.24567628938655686 -0.2016576658083964 0.03948027024660971 0.3715645028440481 -0.310631364199329 0.17661441955941168 0.3651659955490295 0.06968459919964759 
-0.3390234532754495 0.16029139757865207 0.13814568758167825 0.1988306627438879 -0.19476357507643258 0.24219441189990004 0.406883589688503 0.0028057311071809643 0.3594079306161912 0.5239933513413348 -0.6496987392303448 0.09048968928066681 -0.343188687242171 0.4253521346424024 0.8314769269539328 -0.1508471461185711 0.2776982703620373 -0.30419175634826146 -0.25673585972623614 -0.16459461629341407 0.040293608001624404 -0.41619608489526094 0.05305717424497229 0.08346046279973031 -0.273456905043233 0.17433542470847957 -0.001720801946148376 0.27683431485219046 -0.07777356725033174 -0.5979291378357037 -0.004545139414608421 -0.17469428294996828 0.23035878003321242 -0.5513799205224869 0.5615406175578342 0.08744678709985299 0.49231323704634633 -0.04679359983642078 0.5199024160020415 0.30360853148282085 
0.3266490839037392 0.132393444629752 -0.18886971123095797 -0.25348808698550274 -0.24450580269130387 0.2692525580409719 0.7030819345072661 -0.0176746343058393 -0.01774030990984321 0.31929304709134365 -0.5259502231068796 -0.31380375785873693 -0.024211199670865186 0.20372816926777126 -0.2363420113932384 0.08636023240327914 -0.09429394956149029 -0.2782907936750615 0.29549013024800475 0.2302630078431776 -0.446321608650911 0.24196242039518648 -0.13057902676503902 0.3875674003888553 -0.27045979083674954 0.2909966408979753 -0.01581456215291681 0.13464625589193685 -0.43877721878898135 0.8868584870155252 -0.24531247338262974 0.08210059902869224 -0.1931657253714023 0.48343806315795235 0.05236188039968583 0.33301126859470237 -0.08713979922932691 0.3736131501085329 -0.5768123358648388 -0.05722679791923935 
-0.2292948953746702 0.18608912391383775 0.3322833669821744 -0.159350146622135 0.502432717257393 -0.48096836338516513 -0.3715020816726908 -0.3038640812683436 0.19259237113318411 0.14034519442668647 -0.10408726199458293 0.15177775579273023 0.2272901517881036 -0.39839471730505027 0.03838074602268784 -0.13533129007928302 0.11689628753290242 0.19085489349872026 0.15447317766930968 0.54115225413948 -0.07690154613371102 -0.12808071913425315 -0.35830726279381386 -0.15673088175878938 -0.25128631795671763 0.07812195784554704 -0.09525675763897903 0.36824304427487853 -0.14244340518535575 0.060696094283676255 -0.2398441121090727 -0.522699656036516 -0.12923206212733537 0.48230363795583986 0.0602825481851145 0.27488637330883314 0.22288582832871567 -0.022126466049789725 -0.22437173603874577 -0.12749776036274144 
-0.23407117654170825 -0.1388870089817444 0.13774155126994425 -0.12091813191897444 0.6950532174773425 -0.14364256573618245 0.4995960503287192 -0.3473635794129254 -0.7161295974187085 -0.20201851744740482 -0.26508090455606886 -0.1901409142773468 0.5173088891201622 -0.3095437782104014 -0.079760880781463 0.006015674362906481 -0.17181215576880698 0.49355859313505507 0.39863574311951316 -0.2113927343812677 0.24613837162881658 -0.3431865646350536 -0.21165294836558782 0.5338994180983943 -0.04620578187455414 0.22902448849582127 -0.40989692191662563 -0.266510095843744 -0.18035003701353614 0.03499850576996644 0.024885349149824383 0.45747947293677105 -0.33974927277173317 0.0012691401483997944 0.14859189853563096 -0.30012920189551984 -0.08847900942950741 -0.03493244094445126 -0.06484024434918759 -0.19121633020205603 
-0.3191608087155754 0.4332803863440074 0.2825833221487489 -0.09340198060563693 0.11646933631859036 -0.15359092785980488 0.09156397131556612 0.19135663121959018 0.09700276616112025 0.24989527851433208 0.3306442037645473 -0.1303765460862825 0.2797149298375651 -0.7390469276757323 0.12662499292894105 -0.3980971965348746 0.31850627485495825 0.4249034981068669 -0.3104147776605805 -0.37134722789956437 -0.1289718545542776 0.5565938272443145 -0.1720921988801581 -0.11756366976516967 0.019741526858826797 -0.6053005778015266 -0.12600571476083933 0.16921831347453692 0.7535356779303155 0.5831623327639992 0.3003068879633015 0.3284636798321656 -0.5331485007919713 0.3487309973477601 0.3591326405870947 0.2619504415808258 -0.3022411606650246 -0.02769021295588088 -0.2819041135873491 -0.04514879005652707 
-0.2881465289584921 -0.12216077923828322 0.23898879449893362 0.06590265838985751 -0.16981109024133928 -0.14791011016407882 0.22307488329581984 -0.08943689648952569 -0.06988008956248028 0.44271711055825813 -0.04947696863979367 0.11537168356241799 0.11025585062408702 0.28694547916998325 0.37697157613974897 -0.3160290748703125 -0.17275901188997791 -0.11495498101763932 -0.11919542414093663 -0.2138989025614315 0.21104369346858998 -0.005716335470994635 0.2676746933297667 -0.4823360971987686 0.17264108952182644 -0.3330282710225688 0.041549501707979886 0.021503302356722653 0.3003527024908098 -0.3826061226940607 
0.5850504886119903 0.18319669958347937 0.4098231889004989 0.15959146288693365 -0.5235436455344898 -0.1327360098049662 -0.1461497323652708 0.030677929211945246 0.3149503789902464 0.012752776124707932 -0.07175569815215979 0.35268464139347727 0.49466613410211224 0.12444182872225457 -0.5224180910466449 -0.07615621354846172 -0.6515817485349832 -0.13351337611095807 0.11355499182848686 -0.05911741743929855 0.08625517891287621 -0.12049066792150032 0.32727583746326216 -0.42574969006750396 0.09729598513839624 -0.18289525243611618 0.18736224952282357 -0.5104689446268664 0.11692436332164063 0.25205063709744846 
-0.1492501901810052 -0.3142241645744131 -0.24619607468373272 0.021397300272305242 0.29968609408366415 -0.13574092779844935 -0.1224324860160404 0.10984671734980578 0.07222278475174915 -0.37788125273049844 0.1520283274717676 0.10043924876011663 0.30661163906307465 0.22358602529988142 -0.06889034791770338 -0.23706826580013954 0.3384461504651718 -0.14189132150557515 0.18626431473906063 0.20393909907750774 -0.09802192204054763 -0.35948410013688886 0.20556170851278008 -0.23084103928716054 -0.21450234364113513 -0.40385568705853214 0.4469355380508443 0.03535322561921504 0.08731820942146806 -0.1788241834086235 
0.4785298116568055 0.006007565041480922 0.403461644595699 -0.1307851656611652 -0.01910712831276203 0.954751581074258 -0.48312244712879043 -0.18137844811566273 -0.5079647569454269 -0.34118305010523187 -0.19478320542545055 0.20883158455050835 0.014375999921428129 -0.23442432781421302 -0.22081696942487145 -0.21863563844524034 -0.5273343547029472 -0.3272770730953034 0.45331566119917954 -0.23436252594269597 0.18241225008505257 0.3777882383715273 0.22154706858733084 -0.5130125339795557 -0.2211448205096963 -0.2986659004332721 0.0024858060609158766 0.20136706258137888 0.2011717319304871 0.04937081941558023 
-0.082714111639757 -0.24843971342226828 -0.1690915589574261 -0.1346059481488982 0.011304544869758421 0.11574349151445912 -0.24592872371074487 0.04294847605242147 -0.06587205498218386 0.23660134206235092 -0.4981960787679346 -0.3664882306251155 0.4485270469483305 -0.06202792976586663 -0.5818527711838044 0.37958018604861554 -0.08112828269041458 0.28552601892090296 -0.15430718939472715 0.36673251692645464 -0.15499003739066675 0.19944995387112796 0.0689619188788588 -0.01869736111140713 0.2931642588725427 -0.16600141334858332 0.15111380245958128 -0.24056895788935 0.2189981956773161 -0.4353481018755453 
-0.8975671645111869 -0.2331528006091062 0.31328073170420495 -0.228973404610989 0.2602797173692646 0.08690788679851084 -0.09788096370213555 -0.12570892664697736 -0.10017893444736131 0.27976923065951115 -0.2036506193950588 0.18285580563201864 -0.058737442678563956 -0.18346071538606473 0.08461028989546773 -0.18750797010437725 -0.15044155661924902 -0.2550514600553639 0.37741865475850656 0.2974617436101792 -0.12131112625969236 -0.009133128272728885 -0.30407841104245115 0.04746905722022815 0.28000835878496133 0.20064486373568072 -0.2516754169487009 0.37747636849559196 -0.27900545019429995 -0.357408460752239 -0.3178417724352643 -0.16577664016317187 -0.1604279683070428 -0.03553891535224706 0.2659381269904957 0.7271198914984024 0.3066147805824633 -0.03083438480913514 0.2773901804554385 -0.03588077088409358 
-0.13199953955685786 -0.31840079587809955 0.13318720133543344 -0.02690353289151446 -0.06713326678574935 -0.24039490970896876 0.06156610516030793 -0.45216257725555453 -0.46552921399112746 0.23683831014542148 0.38259096772105783 0.23537491901463561 -0.16631801215731312 -0.39135377692706996 0.07093749160508517 -0.09594864138894689 -0.18975680140081033 0.3997513116823833 -0.2788188908611056 0.2777859455606328 0.1877285838594724 -0.03209481854240521 -0.5559658990551624 -0.06413376037708889 0.19556956807962875 -0.1704554622663612 -0.03760264967317456 0.20410301262329827 -0.27213612756435707 0.27125971417041644 
0.032395982984302574 0.311177769938509 0.45413167958604156 -0.18207406547554708 
